
Directory='D:\data\Hyperscanning\BI-multiplayers\Groups\';
ALLgroups={'014355';...
'021249';...
'032845';...
'041356';...
'051030';...
'061863';...
'072139';...
'080119';...
'092466';...
'100816';...
'114664';...
'122351';...
'130247';...
'142038';...
'152537';...
'160307';...
'173661';...
'181159';...
'192734'}
save([Directory 'Groups.mat'],'ALLgroups');

%%
Directory='D:\data\Hyperscanning\BI-multiplayers\Groups\';

GroupsSYNC=[2.90;...
2.94;...
2.33;...
2.87;...
3.23;...
3.50;...
2.67;...
2.72;...
2.97;...
3.37;...
3.46;...
3.09;...
2.38;...
3.30;...
2.77;...
3.30;...
2.57;...
2.63;...
3.32]

GroupsRiem=[10.52;...
10.57;...
10.62;...
10.26;...
10.86;...
9.11;...
11.28;...
10.80;...
9.91;...
11.40;...
9.63;...
10.60;...
10.80;...
8.96;...
10.59;...
10.71;...
9.67;...
11.23;...
11.03]
save([Directory 'GroupsSYNC.mat'],'GroupsSYNC','GroupsRiem');
